NAME/ACCESSION	SEQLEN	B(BLOCKINESS)	NORMALP,ZSCORE,(MEAN_B +/- STD)	BLOCKINESS_FOR_AATYPES:|AA,COUNT,BINOMIALP,B(BLOCKINESS)|...
==============	======	=============	===============================	============================================================

CHICKEN_{EQDS}_52_454_7.80e-30	403	0.09	6.59e-01,0.44,(0.08+/-0.00)	|E,87,5.8e-43,0.472|D,41,2.3e-108,0.172|S,33,3.7e-16,0.163|Q,32,6.3e-02,0.125|R,31,1.1e-02,0.193|L,29,4.2e-02,0.209|A,27,3.3e-02,0.142|K,25,4.1e-03,0.121|G,23,4.8e-02,0.100|P,13,7.0e-02,0.076|N,13,4.7e-02,0.045|V,9,4.7e-09,0.061|T,8,9.8e-05,0.030|M,8,9.0e-05,0.056|H,7,1.1e-01,0.021|I,6,1.1e-07,0.016|F,6,1.8e-03,0.020|W,3,1.4e-09,0.048|
CHICKEN_{R}_310_318_3.76e-05	9	0.31	6.46e-01,-0.46,(0.35+/-0.09)	|R,5,5.2e-06,0.556|L,2,3.6e-07,1.000|
CHICKEN_{L}_5_11_1.29e-04	7	0.58	8.33e-01,0.21,(0.55+/-0.14)	|L,5,9.3e-07,1.800|
COW_{EP}_101_445_4.19e-23	345	0.09	7.13e-01,-0.37,(0.09+/-0.01)	|E,75,1.7e-37,0.571|P,33,1.3e-86,0.206|A,33,3.8e-18,0.160|G,29,5.4e-02,0.203|S,26,1.9e-02,0.149|K,26,3.6e-02,0.129|R,24,3.0e-02,0.131|L,21,8.6e-03,0.106|D,18,8.1e-02,0.080|Q,17,7.7e-02,0.068|V,10,8.9e-02,0.041|W,6,4.1e-09,0.041|N,6,1.2e-04,0.028|T,5,3.0e-05,0.021|F,5,9.3e-02,0.020|M,4,1.4e-07,0.039|Y,3,3.2e-04,0.012|H,3,5.4e-08,0.008|
COW_{R}_362_391_1.24e-05	30	0.10	6.30e-01,-0.48,(0.10+/-0.01)	|R,9,4.5e-07,0.375|G,5,1.4e-15,0.357|S,3,6.9e-03,0.097|L,3,2.0e-01,0.167|P,2,2.7e-01,0.100|F,2,2.8e-01,0.143|
COW_{LQ}_67_94_8.34e-05	28	0.09	3.91e-01,-0.86,(0.10+/-0.01)	|L,7,3.2e-05,0.467|Q,5,9.8e-16,0.316|R,2,4.8e-02,0.053|K,2,2.8e-01,0.091|H,2,2.6e-01,0.050|E,2,2.7e-01,0.091|A,2,2.5e-01,0.250|
COW_{D}_128_149_1.55e-04	22	0.15	4.58e-01,0.74,(0.14+/-0.02)	|D,7,5.6e-06,0.438|E,4,7.3e-13,0.267|K,3,2.9e-03,0.231|S,2,2.7e-01,0.250|A,2,2.2e-01,1.000|
DUCK_{EQDR}_55_457_3.98e-29	403	0.08	2.65e-01,-1.12,(0.08+/-0.00)	|E,87,5.8e-43,0.464|D,38,3.1e-99,0.150|R,34,5.5e-17,0.140|A,31,6.9e-02,0.150|S,30,1.6e-02,0.109|Q,29,4.2e-02,0.111|L,26,4.3e-02,0.178|K,25,4.1e-03,0.121|G,23,4.8e-02,0.101|P,17,9.8e-02,0.113|N,14,3.0e-02,0.058|T,10,1.9e-08,0.033|M,10,6.6e-04,0.055|I,7,2.9e-05,0.023|H,7,1.1e-01,0.026|F,6,1.1e-07,0.020|V,4,1.9e-04,0.012|W,3,1.4e-09,0.013|
DUCK_{L}_5_20_2.46e-07	16	0.34	9.85e-01,-0.02,(0.34+/-0.11)	|L,10,1.5e-11,0.929|G,2,1.2e-06,0.500|A,2,1.8e-02,0.333|
DUCK_{S}_392_417_5.00e-04	26	0.11	5.52e-01,-0.59,(0.12+/-0.01)	|S,7,1.9e-05,0.421|R,3,2.6e-09,0.750|K,3,4.7e-03,0.130|H,3,1.7e-01,0.158|E,3,1.1e-01,0.214|D,2,2.6e-01,0.053|
FUGU_{EKHS}_122_312_3.76e-21	191	0.09	7.48e-01,-0.32,(0.09+/-0.01)	|E,48,1.3e-27,0.545|S,21,4.9e-57,0.208|K,20,2.4e-12,0.167|R,19,3.7e-02,0.221|G,14,5.7e-02,0.133|P,11,1.2e-01,0.087|H,10,1.3e-01,0.128|A,10,7.3e-02,0.091|Q,9,1.3e-01,0.072|D,7,1.4e-01,0.051|T,6,1.2e-01,0.041|V,4,3.8e-05,0.035|I,4,7.9e-03,0.033|L,3,2.6e-03,0.014|M,2,1.2e-01,0.062|
HUMAN_{EQ}_73_452_1.05e-23	380	0.10	3.75e-01,0.89,(0.09+/-0.01)	|E,84,2.2e-42,0.654|A,34,3.7e-88,0.175|G,33,6.7e-17,0.176|S,31,5.8e-02,0.189|L,31,5.7e-03,0.145|K,28,3.8e-02,0.119|Q,27,2.2e-02,0.124|P,24,3.9e-03,0.138|R,22,4.7e-02,0.109|D,16,1.0e-01,0.077|V,12,5.7e-02,0.070|N,8,6.2e-09,0.029|H,6,2.5e-05,0.019|T,5,5.9e-06,0.024|M,5,6.7e-02,0.034|Y,4,1.5e-08,0.020|W,4,4.0e-04,0.023|F,4,4.1e-08,0.014|I,2,3.6e-08,0.006|
HUMAN_{LQ}_67_94_8.34e-05	28	0.09	2.80e-01,-1.08,(0.11+/-0.01)	|L,7,3.2e-05,0.467|Q,5,9.8e-16,0.316|A,3,5.7e-03,0.250|R,2,2.8e-01,0.053|K,2,2.6e-01,0.091|H,2,2.7e-01,0.050|E,2,2.5e-01,0.091|
HUMAN_{R}_377_399_1.03e-04	23	0.14	2.52e-01,1.15,(0.12+/-0.01)	|R,7,7.8e-06,0.389|G,4,8.8e-13,0.308|P,3,3.3e-03,0.250|S,2,2.7e-01,1.000|A,2,2.3e-01,0.500|
HUMAN_{P}_185_197_1.73e-04	13	0.15	7.41e-01,0.33,(0.14+/-0.02)	|P,5,4.6e-05,0.600|S,2,7.8e-07,0.333|
MOUSE_{Q}_92_123_3.88e-30	32	0.98	1.65e-02,2.40,(0.54+/-0.19)	|Q,25,6.4e-31,4.000|P,3,4.9e-09,0.375|K,2,6.0e-02,0.167|
MOUSE_{E}_243_458_2.25e-14	216	0.09	5.35e-01,0.62,(0.09+/-0.01)	|E,50,6.5e-27,0.830|S,19,8.1e-50,0.256|A,19,1.7e-10,0.167|R,18,8.0e-02,0.117|G,18,1.9e-02,0.153|D,15,8.6e-02,0.150|K,14,7.7e-02,0.128|L,13,2.8e-02,0.124|Q,11,1.1e-01,0.082|P,9,1.3e-01,0.125|V,5,1.8e-01,0.028|T,5,2.3e-05,0.037|F,5,7.6e-03,0.031|H,4,2.7e-03,0.062|W,3,1.4e-01,0.052|M,3,7.7e-05,0.034|Y,2,5.4e-03,0.008|I,2,2.5e-05,0.006|
MOUSE_{PS}_41_54_1.67e-06	14	0.15	3.49e-01,-0.94,(0.17+/-0.02)	|S,5,6.9e-05,0.357|P,4,1.0e-13,0.444|
MOUSE_{PQ}_178_242_2.68e-06	65	0.11	1.16e-01,1.57,(0.09+/-0.01)	|Q,9,3.0e-04,0.233|P,9,3.2e-26,0.250|S,8,2.6e-06,0.276|E,6,1.4e-01,0.158|A,6,7.6e-02,0.098|T,5,1.5e-01,0.217|G,4,1.9e-01,0.182|D,4,1.3e-01,0.154|R,3,2.3e-01,0.044|N,2,2.5e-01,0.053|M,2,2.5e-01,1.000|L,2,3.6e-02,0.056|K,2,1.6e-01,0.500|
MOUSE_{R}_355_441_7.12e-06	87	0.09	4.64e-01,0.73,(0.09+/-0.01)	|R,16,3.6e-08,0.309|E,13,1.0e-37,0.483|S,9,2.6e-06,0.188|D,8,1.2e-01,0.167|L,6,1.4e-01,0.105|K,6,1.5e-01,0.162|G,5,1.8e-01,0.086|A,5,1.2e-01,0.083|P,4,2.0e-01,0.133|W,3,2.2e-01,0.052|F,3,1.7e-01,0.075|T,2,7.3e-03,0.048|Q,2,7.6e-02,0.026|M,2,7.5e-02,0.043|
MOUSE_{D}_283_295_5.28e-04	13	0.21	7.85e-01,-0.27,(0.23+/-0.05)	|D,5,4.6e-05,0.600|S,2,7.8e-07,0.500|Q,2,1.2e-02,0.250|G,2,1.8e-01,0.111|
OPOSSUM_{ES}_101_419_4.34e-24	319	0.10	2.79e-02,2.20,(0.09+/-0.00)	|E,68,1.3e-33,0.588|S,43,3.8e-119,0.232|D,27,7.4e-14,0.144|K,26,6.6e-02,0.160|R,21,5.7e-02,0.106|L,21,7.8e-02,0.108|G,21,4.9e-02,0.150|P,18,2.2e-02,0.105|A,16,9.4e-02,0.117|T,15,9.3e-02,0.110|Q,10,7.2e-02,0.035|N,8,6.4e-07,0.039|V,7,9.7e-04,0.043|H,5,1.0e-04,0.025|F,5,1.2e-01,0.052|W,3,1.1e-07,0.048|M,3,7.4e-04,0.054|
OPOSSUM_{P}_243_266_5.17e-04	24	0.13	9.14e-01,-0.11,(0.13+/-0.02)	|P,6,1.2e-04,0.273|S,4,1.1e-12,0.333|E,3,3.7e-03,0.750|T,2,2.8e-01,0.200|K,2,2.4e-01,0.200|G,2,2.5e-01,0.059|D,2,2.3e-01,0.111|
XENOPUS_{EDKS}_77_422_2.09e-28	346	0.11	3.82e-02,2.07,(0.10+/-0.01)	|E,71,6.7e-34,0.361|S,38,6.9e-102,0.211|D,36,7.6e-21,0.257|K,35,1.0e-02,0.156|Q,21,7.5e-02,0.113|A,20,9.1e-02,0.110|R,17,9.6e-02,0.076|N,16,6.8e-02,0.087|P,15,1.0e-01,0.097|T,14,1.1e-01,0.050|G,14,1.2e-02,0.174|L,11,3.7e-06,0.066|I,9,2.1e-03,0.094|M,7,3.1e-04,0.064|V,6,1.2e-01,0.023|H,6,3.0e-06,0.044|Y,4,1.1e-03,0.013|W,3,5.0e-08,0.045|F,3,1.6e-06,0.043|
XENOPUS_{S}_41_53_5.53e-04	13	0.14	6.04e-01,-0.52,(0.14+/-0.02)	|S,5,4.6e-05,0.357|T,2,7.8e-07,0.500|
