NAME/ACCESSION	SEQLEN	B(BLOCKINESS)	NORMALP,ZSCORE,(MEAN_B +/- STD)	BLOCKINESS_FOR_AATYPES:|AA,COUNT,BINOMIALP,B(BLOCKINESS)|...
==============	======	=============	===============================	============================================================

S_CEREVISIAE	363	0.10	2.34e-02,2.27,(0.09+/-0.00)	|S,55,3.9e-20,0.242|N,36,6.2e-95,0.280|P,33,1.7e-17,0.173|L,32,3.8e-02,0.193|T,27,2.0e-02,0.150|K,23,8.0e-02,0.202|I,19,9.3e-02,0.148|A,19,3.2e-02,0.094|Q,18,9.0e-02,0.090|R,16,9.9e-02,0.083|F,16,4.2e-03,0.103|V,14,2.6e-05,0.072|D,14,2.4e-02,0.095|M,10,2.4e-03,0.052|G,10,1.1e-01,0.060|E,8,1.5e-05,0.039|Y,6,5.1e-03,0.031|H,6,2.7e-06,0.031|
S_MIKATAE	363	0.10	5.04e-01,0.67,(0.09+/-0.00)	|S,56,7.6e-21,0.281|N,36,6.2e-95,0.159|P,34,2.3e-18,0.171|L,32,3.8e-02,0.199|T,25,3.8e-02,0.121|I,23,8.0e-02,0.123|K,22,6.6e-02,0.128|A,20,2.1e-02,0.112|R,16,1.0e-01,0.080|Q,16,9.9e-02,0.088|V,14,1.6e-02,0.060|F,13,1.0e-05,0.134|E,13,1.6e-02,0.045|D,11,4.8e-03,0.104|G,10,1.1e-01,0.069|M,9,4.7e-05,0.044|Y,6,5.1e-03,0.031|H,6,2.7e-06,0.025|
S_EUBAYANUS	359	0.09	4.25e-02,2.03,(0.09+/-0.00)	|S,60,5.0e-24,0.300|N,38,3.0e-101,0.211|T,31,6.6e-16,0.178|P,30,5.4e-02,0.144|L,27,1.8e-02,0.165|K,22,8.6e-02,0.140|I,18,9.5e-02,0.096|R,16,7.7e-02,0.084|F,16,1.0e-01,0.086|D,15,1.0e-01,0.111|Q,14,1.5e-02,0.066|A,14,3.3e-05,0.089|M,12,1.0e-02,0.069|G,11,5.4e-03,0.059|V,10,1.1e-01,0.045|H,10,1.6e-04,0.053|E,8,2.2e-02,0.039|Y,5,7.7e-07,0.075|
S_PASTORIANUS	359	0.09	1.77e-02,2.37,(0.09+/-0.00)	|S,60,5.0e-24,0.300|N,38,3.0e-101,0.211|T,32,9.2e-17,0.187|P,30,5.4e-02,0.144|L,27,1.8e-02,0.165|K,22,8.6e-02,0.140|I,19,9.3e-02,0.127|R,16,7.7e-02,0.084|F,16,1.0e-01,0.086|D,15,1.0e-01,0.111|Q,14,1.5e-02,0.066|A,13,1.3e-05,0.088|M,11,5.7e-03,0.064|G,11,5.4e-03,0.059|V,10,1.1e-01,0.045|H,10,1.6e-04,0.053|E,8,2.2e-02,0.039|Y,5,7.7e-07,0.075|
K_AFRICANA	419	0.10	9.86e-01,-0.02,(0.10+/-0.01)	|S,67,1.7e-25,0.352|N,39,1.4e-101,0.184|P,38,7.5e-20,0.162|T,36,3.9e-02,0.158|L,33,7.1e-03,0.163|K,33,1.8e-02,0.219|I,28,3.2e-02,0.112|R,21,3.5e-02,0.127|V,18,9.3e-02,0.070|A,17,9.8e-02,0.082|G,16,1.2e-02,0.107|F,16,5.8e-06,0.110|E,12,1.8e-03,0.056|D,12,1.7e-03,0.055|Q,11,1.1e-01,0.042|M,7,1.9e-07,0.027|C,7,3.0e-03,0.021|H,5,2.3e-08,0.017|Y,3,3.7e-08,0.008|
H_NAGANASHII	450	0.09	5.26e-01,-0.63,(0.09+/-0.00)	|S,54,2.4e-15,0.216|P,44,2.3e-115,0.188|A,41,2.3e-21,0.192|L,40,2.7e-02,0.179|T,39,1.0e-03,0.181|N,31,5.0e-02,0.137|Q,26,6.8e-02,0.121|K,26,7.5e-03,0.100|G,23,7.3e-02,0.116|R,19,9.3e-02,0.058|I,17,1.1e-02,0.064|E,17,2.3e-06,0.093|V,15,4.9e-03,0.063|M,14,2.5e-03,0.048|D,14,5.9e-02,0.091|H,11,5.4e-06,0.036|Y,9,6.6e-03,0.035|F,6,2.0e-08,0.018|C,3,7.1e-09,0.007|
N_DAIRENENSIS	455	0.12	4.54e-04,3.51,(0.09+/-0.01)	|S,63,9.6e-21,0.316|N,48,2.3e-127,0.223|T,40,2.5e-20,0.182|L,39,3.7e-02,0.163|K,35,7.9e-03,0.168|Q,31,5.2e-02,0.239|P,31,2.4e-02,0.140|I,27,5.1e-03,0.186|A,22,8.3e-02,0.118|G,18,9.3e-02,0.087|V,16,2.1e-02,0.047|R,16,6.3e-07,0.076|E,15,4.3e-03,0.068|D,14,2.2e-03,0.058|F,13,8.3e-02,0.119|M,12,1.2e-05,0.041|Y,6,4.4e-04,0.018|H,5,2.6e-09,0.013|W,2,5.8e-10,0.050|C,2,3.7e-02,0.143|
N_CASTELLII	421	0.11	2.52e-02,2.24,(0.10+/-0.01)	|S,73,7.0e-30,0.312|P,38,1.7e-98,0.203|L,37,6.4e-19,0.179|T,36,4.1e-02,0.202|N,36,1.8e-03,0.154|K,29,5.3e-02,0.164|I,21,8.8e-02,0.067|R,19,6.4e-02,0.141|G,19,9.3e-02,0.097|V,17,9.8e-02,0.062|A,17,6.9e-03,0.074|D,16,5.2e-06,0.084|E,13,3.3e-03,0.067|Q,12,1.6e-03,0.061|F,12,8.9e-02,0.052|M,10,7.7e-06,0.041|H,10,2.1e-02,0.054|Y,4,3.3e-09,0.025|W,2,3.8e-09,0.036|
M_BARNETTII	506	0.09	3.20e-02,2.14,(0.09+/-0.00)	|S,78,2.6e-28,0.279|T,50,4.1e-131,0.178|N,49,2.3e-26,0.215|L,45,2.3e-02,0.203|P,43,9.2e-04,0.169|K,36,3.5e-02,0.139|G,27,7.8e-02,0.153|I,23,5.2e-02,0.064|A,20,7.3e-02,0.093|V,19,8.4e-02,0.065|Q,19,8.8e-03,0.159|R,18,1.9e-07,0.082|M,17,3.4e-03,0.085|D,16,1.8e-03,0.061|F,15,6.6e-02,0.070|E,14,7.8e-06,0.048|H,12,1.3e-02,0.051|Y,3,1.7e-12,0.008|
A_HETEROGENICA	385	0.09	6.82e-01,0.41,(0.09+/-0.01)	|S,52,5.7e-17,0.218|T,33,5.7e-85,0.174|N,33,9.8e-17,0.180|D,31,6.1e-02,0.150|L,29,1.5e-02,0.160|I,29,3.2e-02,0.124|K,28,1.7e-02,0.162|P,27,6.7e-04,0.137|V,16,9.4e-02,0.084|R,16,1.0e-01,0.080|Q,15,1.3e-02,0.097|A,15,1.8e-05,0.061|E,14,1.5e-02,0.070|H,12,4.8e-03,0.054|F,12,6.9e-02,0.075|G,8,4.8e-06,0.039|Y,7,6.7e-03,0.024|M,5,1.7e-07,0.022|W,2,2.8e-08,0.010|
N_GLABRATUS	471	0.10	9.98e-03,2.58,(0.09+/-0.00)	|S,66,6.3e-22,0.300|N,44,1.9e-114,0.176|K,36,1.5e-16,0.141|L,35,6.9e-02,0.185|T,33,2.2e-02,0.151|P,29,7.4e-02,0.119|A,28,5.9e-02,0.158|D,25,1.8e-02,0.102|R,23,8.0e-02,0.089|Q,23,6.3e-02,0.080|I,22,5.4e-04,0.106|G,22,4.6e-05,0.103|V,21,3.6e-02,0.108|E,21,3.4e-02,0.074|F,17,2.1e-02,0.085|H,9,1.6e-07,0.078|M,8,1.9e-03,0.020|Y,6,5.8e-09,0.033|W,2,2.4e-10,0.032|
N_BRACARENSIS	441	0.09	2.50e-01,1.15,(0.09+/-0.00)	|S,45,1.0e-10,0.164|N,43,9.8e-113,0.179|T,37,2.9e-18,0.150|K,33,7.0e-02,0.133|L,32,1.7e-02,0.151|A,30,5.4e-02,0.116|P,28,4.3e-02,0.120|R,24,1.6e-02,0.112|D,23,6.9e-02,0.164|V,21,7.3e-02,0.093|G,21,5.6e-04,0.096|Q,19,2.2e-05,0.081|I,19,3.2e-02,0.072|E,19,3.1e-02,0.142|M,13,7.6e-02,0.045|H,12,2.3e-05,0.041|F,11,2.4e-02,0.064|Y,7,1.5e-07,0.019|W,3,1.1e-08,0.100|
